ID,Pop,x,y,Input_FID
0,184,19682242.13,3827295.546,512
1,335,19705995.73,3843237.954,12
2,223,19691179.51,3843197.486,876
3,2361,19674926.72,3842762.803,1084
4,834,19679381.17,3855644.547,241
5,242,19687005.13,3855806.129,304
6,356,19693030.22,3855833.083,320
7,283,19706752.64,3849498.483,789
8,212,19699936.56,3849841.932,769
9,125,19693016.44,3849592.577,827
10,380,19686379.35,3849817.166,367
11,5475,19679514.08,3849680.545,1002
12,585,19673673.3,3850148.608,245
13,600,19665742.33,3849971.779,977
14,1556,19679173.94,3843786.872,1017
15,136,19686195.38,3842962.893,930
16,97,19693519.6,3843200.231,755
17,381,19700162.88,3843107.781,153
18,119,19699214.8,3836366.028,735
19,194,19693274.77,3835882.078,558
20,361,19686607.11,3835885.169,525
21,2993,19679719.08,3836364.592,1128
22,180,19673061.91,3829448.003,452
23,556,19678641.77,3829590.071,456
24,143,19686390.46,3829390.256,639
25,171,19683772.83,3827409.833,510
26,115,19679609.37,3826652.051,420
27,153,19677718.97,3826812.883,421
28,1330,19674888.72,3826822.362,1122
29,513,19672622.58,3826383.77,434
30,2027,19670576.95,3827968.284,1117
31,750,19669052.29,3829541.499,1114
32,2676,19670450.7,3828958.827,1115
33,422,19675372.92,3829093.393,427
34,741,19677141.71,3829383.626,459
35,171,19682582.02,3829170.208,499
36,216,19684295,3828651.953,1165
37,143,19688111.9,3829594.85,635
38,122,19690985.81,3830187.569,627
39,50,19695158.55,3832369.797,584
40,155,19692918.07,3831726.551,599
41,205,19691464.16,3830918.102,1209
42,208,19688718.8,3832002.171,615
43,658,19685859.93,3832266.672,1205
44,527,19684944.19,3831304.914,493
45,409,19682422.94,3831850.3,491
46,2872,19679961.21,3831048.678,1138
47,742,19676714.43,3831698.034,1136
48,91,19675087.49,3831002.001,449
49,768,19673140.71,3831697.387,1110
50,1184,19670508.97,3831687.675,1109
51,672,19668223.92,3831070.349,1107
52,2662,19667148.89,3831231.249,1106
53,870,19666740.07,3833969.429,1097
54,648,19667906.37,3834018.364,1098
55,3014,19670091.39,3833930.964,1102
56,3083,19672519.19,3833930.964,1103
57,2470,19675706.19,3834195.624,1132
58,2008,19678134.21,3833723.144,1133
59,2545,19679333.87,3833425.981,1134
60,409,19681633.44,3833946.923,480
61,683,19683929.86,3834035.845,1156
62,1447,19686748.21,3833639.467,1196
63,352,19688361.53,3833940.099,605
64,353,19690823.67,3834233.141,590
65,52,19693681.02,3833579.01,564
66,50,19695906.06,3833724.111,574
67,62,19697926.47,3834117.331,747
68,95,19697599.15,3835817.358,738
69,68,19695317.34,3836329.077,641
70,194,19691591.9,3836108.664,551
71,291,19688704.24,3835720.683,541
72,3587,19684268.9,3835388.721,1265
73,760,19682531.66,3836295.03,475
74,7188,19677881.07,3836298.555,1129
75,2704,19676284.41,3837189.511,391
76,2680,19671217.89,3835562.446,1100
77,918,19667882.58,3836746.326,409
78,2164,19666747.76,3837916.312,1062
79,918,19668125.13,3838300.185,403
80,1048,19670716.97,3838652.268,398
81,1518,19672092.88,3838792.474,1068
82,3379,19675826.11,3838315.855,1094
83,2380,19676714.43,3839248.172,1124
84,1248,19679752.09,3838290.647,1126
85,760,19682836.01,3837918.699,472
86,718,19684171.42,3838625.556,918
87,239,19686426.63,3837676.943,529
88,334,19688871.96,3838421.097,531
89,194,19691391.48,3837774.604,534
90,68,19693214.77,3838526.161,649
91,68,19695654.16,3838566.082,654
92,53,19697492.31,3838586.761,200
93,86,19699983.24,3838570.248,207
94,32,19702627.23,3838632.87,211
95,110,19703701.22,3839272.774,1249
96,251,19705828.88,3840928.714,37
97,151,19704697.94,3840984.709,36
98,44,19702313.3,3840393.814,174
99,116,19700268.18,3840586.811,170
100,115,19698101.23,3840617.129,167
101,68,19695906.8,3840786.101,686
102,124,19693319.04,3840735.933,680
103,78,19691261.11,3840697.328,910
104,95,19688856.63,3840161.275,901
105,101,19686924.22,3840360.789,921
106,902,19683903.53,3840529.86,926
107,1504,19682360.52,3841222.136,1150
108,5738,19679843.35,3841413.729,1091
109,4606,19677051.72,3841496.795,1268
110,778,19674306.27,3841328.909,392
111,1818,19673567.66,3840094.634,1071
112,3630,19669770.69,3840244.944,1074
113,1292,19668591.07,3840574.305,1081
114,1363,19667121.86,3840340.386,411
115,1080,19682515.9,3843001.229,1149
116,134,19684647.88,3843044.863,936
117,662,19689388.13,3843453.884,872
118,387,19695676.57,3843073.472,706
119,322,19697902.02,3843180.812,1227
120,183,19702087.93,3842777.937,146
121,335,19704833.43,3842823.616,19
122,809,19706458.55,3846087.278,801
123,809,19704867.94,3845483.005,973
124,476,19702120.58,3845020.472,126
125,476,19700156.48,3845047.658,129
126,387,19697669.27,3845390.1,109
127,387,19695945.17,3844739.666,725
128,185,19693543.28,3845083.327,766
129,1872,19691175.49,3845028.463,1259
130,779,19688872,3845106.347,1180
131,182,19686356.02,3845051.305,943
132,1439,19683867.7,3845394.07,1145
133,2805,19682436.55,3845147.595,1266
134,4377,19679416.52,3845879.094,1013
135,397,19678021.7,3844835.149,1015
136,856,19676217.92,3845338.572,260
137,319,19675032.15,3847507.718,253
138,640,19676969.63,3846947.509,256
139,1812,19679139.29,3847715.744,1016
140,5958,19681304.86,3847634.811,1274
141,3247,19684558.27,3847512.153,1009
142,555,19685973.01,3847234.29,1140
143,364,19688987.99,3847443.268,853
144,304,19690939.87,3847852.923,849
145,263,19693122.3,3847802.8,86
146,138,19696298.48,3847489.427,98
147,184,19697512.13,3847556.106,102
148,240,19700456.18,3847416.623,122
149,280,19701981.65,3847454.373,808
150,580,19704442.83,3847646.422,1235
151,426,19706098.01,3847222.318,798
152,471,19704525.9,3849823.634,780
153,826,19702870.1,3849271.009,777
154,142,19697747.33,3849517.611,51
155,220,19695784.65,3849952.899,66
156,317,19691189.06,3849339.517,842
157,536,19688667.63,3849096.601,1048
158,380,19685383.89,3849389.096,271
159,1103,19682014.03,3849834.467,1005
160,1931,19677497.17,3849314.166,993
161,732,19674154.3,3849862.177,984
162,1252,19671297.35,3850011.553,981
163,713,19667377.48,3850691.069,231
164,261,19666263.66,3851624.551,230
165,761,19669181.91,3852041.431,232
166,951,19670561.09,3851823.971,980
167,1688,19674969.46,3852102.172,985
168,1265,19677728.7,3852333.558,246
169,746,19679878.41,3851755.957,1019
170,375,19681844.06,3851936.072,281
171,1416,19684459.14,3851356.777,263
172,997,19686577.53,3851805.032,1052
173,377,19688921.68,3851768.862,378
174,254,19691299.17,3851688.443,377
175,120,19693117.05,3852358.826,335
176,139,19695720.85,3852260.681,350
177,97,19697270.37,3851207.761,63
178,353,19706332.25,3851203.211,783
179,172,19696799.72,3853419.338,1039
180,436,19695407.8,3854007.873,341
181,447,19693758.35,3854215.517,338
182,216,19690573.74,3853873.265,321
183,505,19688835.79,3854400.533,961
184,227,19686521.14,3854149.325,296
185,597,19684539.98,3854384.51,1026
186,807,19681992.26,3854992.919,284
187,570,19680097.41,3854951.004,276
188,551,19676956,3854396.968,988
189,392,19674565.31,3854616.173,986
190,777,19673231.65,3854143.17,237
191,874,19671342.01,3854161.74,235
192,359,19684568.11,3855715.65,292
193,607,19688062.14,3856557.391,308
194,600,19691048.74,3855573.923,319
195,584,19695680.53,3856263.515,1037
196,512,19696924.05,3856391.103,327
197,1621,19669933.27,3827689.269,436
198,641,19673364.06,3826356.224,1123
199,513,19672221.59,3826458.92,435
200,187,19673524.32,3827834.44,423
201,1260,19675481.11,3827307.922,1121
202,513,19674256.19,3826925.111,422
203,154,19678489.68,3826292.418,974
204,556,19678191.5,3828127.73,455
205,115,19678454.27,3826223.684,454
206,70,19680616.2,3826189.096,519
207,184,19680808.3,3828062.121,503
208,115,19679339.85,3826624.867,419
209,115,19678819.96,3826580.39,418
210,115,19679028.39,3827066.153,417
211,306,19682811.12,3827595.374,1164
212,115,19681055.34,3825940.584,1163
213,70,19681483,3825906.148,520
214,70,19681351.63,3826145.614,518
215,70,19682143.76,3825986.065,517
216,70,19682076.71,3826221.403,516
217,70,19682476.43,3826354.721,515
218,184,19682398.98,3827023.558,514
219,184,19682589.72,3827113.865,513
220,184,19683028.82,3827598.417,511
221,184,19682227.51,3827894.459,506
222,184,19681499.98,3827647.095,505
223,184,19681726.85,3827997.006,504
224,171,19684354.33,3827681.393,509
225,171,19684262.5,3828094.996,508
226,122,19691466.85,3830203.651,625
227,143,19687862.48,3829320.514,634
228,143,19687846.55,3828950.89,632
229,156,19688791.73,3830361.708,630
230,238,19686683.6,3829513.006,1207
231,143,19686565.69,3829659.467,638
232,143,19686700.9,3829883.063,637
233,143,19687167.5,3829958.141,636
234,143,19686872.95,3829020.774,633
235,143,19684955.63,3829599.691,640
236,171,19684923.58,3828409.712,507
237,171,19683245.81,3829430.31,497
238,171,19683717.01,3829680.588,496
239,184,19681441.93,3828285.859,502
240,184,19681902.99,3828686.225,501
241,184,19681184.93,3828713.766,500
242,171,19682640.69,3829354.237,498
243,307,19682300.07,3830316.298,495
244,1724,19680862.64,3830351.946,458
245,1724,19681678.49,3830134.043,457
246,926,19677550.89,3829804.996,1139
247,741,19676793.15,3829822.35,460
248,526,19675840.42,3828541.245,1120
249,281,19674830.46,3829337.564,1119
250,187,19674372.01,3829847.017,430
251,187,19674528.87,3829575.029,429
252,422,19676256.93,3829334.424,428
253,225,19674809.69,3829225.9,426
254,225,19674358.49,3828834.786,425
255,225,19674423.78,3828573.615,424
256,235,19673470.89,3829133.628,1118
257,180,19673345.91,3830230.376,450
258,121,19673685.61,3830339.54,432
259,121,19673962.43,3830067.268,431
260,1786,19671111.06,3828531.534,1116
261,600,19669663.35,3829418.971,437
262,600,19669182.93,3830225.682,439
263,600,19669325.13,3829738.425,438
264,1508,19669246.51,3831609.986,1108
265,947,19671202.17,3831822.094,443
266,2411,19670168.41,3832058.706,442
267,948,19670630.8,3831156.999,441
268,948,19671064.89,3831161.269,440
269,226,19673402.91,3830551.464,1112
270,180,19673088.32,3830649.672,451
271,121,19673757.29,3830850.139,446
272,180,19672941.92,3830939.521,444
273,122,19674917.86,3830871.934,1111
274,121,19674170.38,3830681.552,448
275,121,19674350.2,3830882.518,447
276,91,19674242.06,3831192.151,445
277,91,19674811.9,3830614.444,433
278,447,19678488.73,3831744.905,464
279,447,19678587.63,3831525.951,463
280,447,19676667.96,3830502.7,461
281,301,19678860.61,3831929.161,1137
282,241,19679546.79,3832274.546,466
283,447,19678766.51,3832075.28,465
284,180,19678873.58,3831097.315,462
285,3038,19681342.79,3832248.983,1162
286,307,19682419.76,3830718.799,494
287,409,19683053.85,3832305.249,490
288,409,19682535.12,3832277.993,489
289,409,19682961.32,3832573.109,488
290,2787,19684217.31,3832373.286,1161
291,510,19683246.19,3832652.969,1160
292,409,19683148.47,3830983.385,492
293,308,19687410.38,3832210.145,1206
294,395,19687238.8,3830734.393,631
295,248,19687514.8,3831670.479,613
296,527,19685437.49,3832204.065,612
297,248,19687656.87,3832537.322,611
298,263,19689291.92,3832274.747,1188
299,156,19688740.34,3831098.552,629
300,156,19689640.82,3831174.538,628
301,208,19689199.36,3832146.775,617
302,208,19688990.07,3832055.188,616
303,248,19687836.75,3832061.238,614
304,208,19688828.26,3832661.075,609
305,488,19689601.43,3832613.75,608
306,323,19690285.17,3830578.941,1208
307,405,19691423.79,3832686.586,1190
308,611,19690059.07,3832202.07,1189
309,163,19691132.05,3830437.638,626
310,122,19691807.35,3830595.691,624
311,169,19692108.12,3832060.857,620
312,323,19691764.21,3832538.173,619
313,323,19691043.12,3832385.528,618
314,258,19693684.86,3831090.304,1211
315,212,19692497.8,3830441.662,1210
316,258,19692497.8,3831943.661,1187
317,127,19692934.5,3830746.171,623
318,127,19692299.26,3831178.165,622
319,155,19692812.92,3831402.187,621
320,155,19693754.33,3831672.893,601
321,155,19693738.34,3831980.32,600
322,207,19692829.54,3831917.554,598
323,207,19692550.69,3832566.78,597
324,50,19695685.49,3832517.603,583
325,50,19694692.75,3832577.595,579
326,103,19697195.68,3834635.35,970
327,62,19697261.44,3833916.309,751
328,62,19697286.12,3834201.66,750
329,62,19696896.74,3834311.893,749
330,62,19697545.5,3834622.379,748
331,62,19698284.24,3834356.298,746
332,83,19698854.13,3834618.677,745
333,83,19698627.56,3834680.163,744
334,62,19697869.01,3834764.706,742
335,84,19695873.26,3833429.51,1212
336,50,19695790.46,3832760.838,582
337,50,19695667.36,3833064.851,581
338,50,19694987.95,3832846.522,580
339,50,19694778.18,3832883.456,578
340,107,19694963.48,3833436.184,576
341,50,19695738.93,3833438.318,575
342,62,19696380.55,3834124.442,573
343,62,19696699.93,3834484.924,572
344,62,19696304.52,3834711.883,571
345,107,19695794.92,3834667.74,570
346,107,19695375.06,3834330.211,568
347,107,19695257.71,3833962.153,567
348,107,19695011.92,3833876.615,566
349,50,19694477.36,3833616.868,565
350,107,19694831.45,3834344.089,563
351,107,19694723.79,3834525.2,562
352,88,19693337.62,3834632.725,1215
353,220,19694096.7,3834826.532,1214
354,151,19692223.24,3832961.145,1191
355,121,19692709.62,3832732.022,596
356,121,19692488.43,3833008.137,595
357,121,19692323.48,3833296.705,594
358,90,19692325.45,3833596.802,593
359,155,19694134.89,3832808.027,577
360,272,19691651.07,3834018.97,1192
361,323,19689956.38,3833435.952,603
362,323,19690736.66,3833307.096,602
363,163,19691815.61,3833850.527,592
364,218,19691575.67,3833851.096,591
365,353,19690217.97,3834094.024,589
366,353,19689985.76,3834343.666,588
367,353,19690868.49,3834430.342,587
368,353,19690636.28,3834679.985,586
369,352,19690019.65,3834748.296,585
370,353,19690397.51,3834697.776,539
371,352,19690096.87,3834891.27,522
372,278,19688767.02,3834874.983,1198
373,438,19689332.33,3834359.925,1197
374,439,19689663.38,3833558.715,1193
375,646,19688053.6,3832941.816,610
376,353,19689464.82,3833147.886,607
377,646,19687899.3,3833522.511,606
378,352,19688522.9,3834276.916,604
379,223,19688354.64,3834788.084,546
380,223,19687954.12,3834734.712,545
381,223,19688012.21,3834910.13,544
382,3900,19687086.83,3834008.226,1264
383,1765,19687021.11,3833221.782,1195
384,809,19687644.56,3833372.984,1194
385,1158,19686099.19,3834624.424,482
386,942,19683237.7,3833205.615,1159
387,592,19684644.6,3833523.093,1158
388,603,19685227.27,3834292.22,1157
389,545,19683524.22,3833520.438,487
390,545,19683227.68,3833774.208,486
391,545,19683434.25,3834097.005,485
392,481,19684455.01,3834313.199,484
393,545,19684089.46,3834502.21,483
394,481,19685272.56,3834798.179,481
395,679,19683013.12,3834331.065,1155
396,409,19681330.18,3834508.76,479
397,409,19681617.39,3834931.4,478
398,409,19681218.04,3834895.249,477
399,2395,19680099.91,3834875.817,468
400,336,19676736.44,3832853.667,1135
401,1158,19678387.35,3834614.632,1131
402,269,19676141.83,3832966.404,467
403,5100,19673907.89,3833571.649,1105
404,4086,19672677.02,3833384.512,1104
405,4000,19672800.81,3834659.304,1101
406,3541,19669603.83,3833558.935,1270
407,1462,19669062,3834756.416,1099
408,519,19667793.84,3833412.176,453
409,2373,19667624.74,3835183.709,1096
410,1151,19667510.68,3837129.06,408
411,2580,19669622.3,3836427.293,1113
412,3573,19678093,3836439.12,1267
413,8290,19676461.29,3834988.838,1130
414,1796,19680845.22,3835211.582,469
415,950,19682327.51,3837223.062,1127
416,760,19683045.91,3836527.664,474
417,760,19682930.46,3837136.753,473
418,570,19681238.11,3837088.434,471
419,1113,19683525.87,3835177.882,1154
420,1467,19683199.57,3835768.324,1153
421,239,19685333.77,3837105.919,527
422,239,19684239.29,3837040.332,476
423,646,19687398.15,3837086.549,1202
424,223,19687273.57,3835111.167,543
425,361,19686149.15,3835939.895,526
426,388,19687639.62,3837054.997,524
427,199,19687656.05,3836102.476,521
428,331,19687703.64,3835352.16,1200
429,364,19688256.66,3835193.919,1199
430,352,19689449.32,3835412.188,547
431,199,19687752.36,3835634.808,542
432,218,19689448.78,3836217.76,540
433,199,19687761.73,3835874.823,538
434,218,19688997.52,3836503.695,537
435,352,19689705.25,3835104.191,523
436,323,19692158.64,3836667.693,1201
437,194,19691957.71,3837008.1,549
438,167,19689930.22,3836111.713,548
439,218,19689943.14,3836971.809,536
440,68,19693642.23,3836670.214,642
441,194,19693976.99,3835601.337,559
442,52,19692713.84,3835234.845,557
443,52,19692427.43,3835095.08,556
444,52,19692383.62,3835400.586,555
445,194,19692827.4,3835954.025,554
446,194,19692951.68,3836288.28,553
447,194,19692264.86,3836232.275,552
448,194,19692636.22,3836806.422,550
449,176,19695921.71,3834996.112,1213
450,68,19694739.63,3837063.108,643
451,107,19695430.64,3835011.105,569
452,107,19695064.98,3835062.983,561
453,107,19694696.38,3835366.707,560
454,137,19698556.87,3835452.062,969
455,150,19697402.21,3835827.562,968
456,150,19698622.58,3836897.737,967
457,83,19698909.6,3835136.535,743
458,83,19698139.9,3835083.376,741
459,95,19697400.48,3835203.714,740
460,83,19697886.8,3835297.294,739
461,95,19697245.01,3835767.188,737
462,119,19698936.77,3835806.896,736
463,89,19698250.26,3836162.287,734
464,95,19697369.87,3836110.054,228
465,95,19697142.83,3836300.061,227
466,95,19697602.13,3836674.595,226
467,89,19697985.27,3836743.908,225
468,89,19698895.61,3836558.241,224
469,95,19697230.33,3837043.151,219
470,53,19699911.42,3837108.335,223
471,70,19703881.9,3839453.215,44
472,56,19702208.61,3839310.324,964
473,32,19702604.17,3838022.785,213
474,32,19701677.62,3838241.614,212
475,32,19702470.28,3838767.725,210
476,86,19701395.04,3838564.91,209
477,32,19701887.54,3839155.994,194
478,32,19702312.35,3839159.623,193
479,32,19702565.77,3839357.102,192
480,86,19701619.4,3839420.296,185
481,70,19703485.61,3838784.066,46
482,153,19700387.43,3838700.136,965
483,53,19699277.04,3837415.904,222
484,71,19699191.44,3837649.961,216
485,86,19700612.03,3837800.776,215
486,86,19701151.55,3837753.615,214
487,86,19700446.7,3838328.007,208
488,86,19699469.09,3838598.194,206
489,71,19699086.06,3838542.567,205
490,86,19699977.8,3839032.67,197
491,86,19700917.13,3838866.146,196
492,86,19701165.97,3839131.871,195
493,86,19701220.06,3839384.145,184
494,86,19700783.73,3839482.565,183
495,71,19699364.89,3839384.574,182
496,77,19698416.06,3838352.799,966
497,119,19698653.37,3837338.55,221
498,89,19698365.9,3837318.696,220
499,71,19698054.32,3837622.849,217
500,53,19698470.08,3837900.102,204
501,53,19697625.72,3837970.341,203
502,53,19697367.75,3838209.951,202
503,53,19698317.75,3838780.894,199
504,71,19698841.16,3838877.036,198
505,53,19698619.39,3839144.54,181
506,53,19698263.22,3839471.323,180
507,68,19694957.04,3839443.53,662
508,68,19695060.5,3839065.01,661
509,68,19695405.87,3839436.547,660
510,68,19695599.59,3839081.718,659
511,68,19696414.04,3839424.172,658
512,68,19696227.59,3838951.565,657
513,68,19695530.41,3838917.488,656
514,68,19695141.3,3838624.935,655
515,68,19695665.84,3837924.115,653
516,68,19694832.62,3838157.959,652
517,68,19694569.03,3837539.833,645
518,68,19695124.85,3837569.65,644
519,53,19696300.58,3837621.712,218
520,53,19696420.48,3838298.478,201
521,104,19694171.62,3838983.38,1229
522,68,19692821.22,3839253.169,669
523,68,19692199.7,3838935.993,667
524,68,19692599.63,3838980.755,666
525,68,19692739.42,3839136.105,665
526,68,19693490.67,3839325.115,664
527,68,19694166.94,3839226.125,663
528,68,19694196.37,3838302.564,651
529,68,19693399.34,3838118.963,650
530,68,19692744.92,3837996.633,648
531,68,19693314.77,3837418.927,647
532,68,19693958.84,3837660.527,646
533,78,19690282.76,3839202.66,906
534,78,19689969.12,3839445.276,905
535,78,19690933.76,3839043.805,668
536,194,19691714.09,3837496.923,535
537,558,19688484.88,3837914.177,1203
538,334,19689044.7,3837704.551,533
539,334,19688662.73,3837652.46,532
540,334,19688216.26,3838144.414,530
541,400,19685690.35,3837564.047,1204
542,239,19685771.77,3837276.435,528
543,1196,19683751.17,3839334.278,1152
544,4090,19680522.52,3838840.949,1125
545,998,19678848.79,3838868.878,470
546,4317,19673847.46,3837756.239,1095
547,4287,19672312,3839423.939,1069
548,1215,19672057.21,3839211.42,394
549,6820,19669694.25,3839271.644,1269
550,1308,19670979.43,3838895.457,1067
551,2850,19669750.27,3838755.553,1066
552,1352,19669701.07,3837922.139,399
553,1048,19670945.81,3838669.356,397
554,1048,19671289.47,3838333.293,396
555,1215,19671695.29,3838448.84,395
556,2993,19667573.82,3838939.983,1077
557,5078,19668853.44,3839453.133,1076
558,1689,19669170.67,3838715.58,1065
559,1072,19668859.1,3838397.626,1064
560,1147,19667621.73,3838155.964,1063
561,858,19668923.81,3838811.712,416
562,1151,19667282.64,3837317.52,407
563,918,19667517.57,3837537.954,406
564,918,19668045.12,3837749.426,405
565,918,19668059.87,3838119.967,404
566,1352,19669478.35,3838188.761,402
567,858,19668382.73,3837913.803,401
568,918,19668279.83,3837621.53,400
569,1438,19667102.09,3837556.376,1061
570,1731,19666474.67,3837602.067,410
571,1703,19667222.01,3840164.586,1080
572,1182,19666711.99,3839535.134,1078
573,1170,19667487.48,3839557.953,1079
574,3078,19669177.9,3840015.419,1075
575,1034,19668742.49,3840763.49,415
576,1034,19668285.15,3840352.658,414
577,1034,19668177.39,3840461.907,413
578,1034,19667748.62,3840724.235,412
579,6162,19670459.68,3839544.063,1073
580,3626,19673987.37,3840614.277,1088
581,1640,19673687.57,3841583.612,1072
582,6135,19672727.96,3839717.142,1070
583,1454,19673710.49,3839745.206,393
584,972,19674337.13,3841703.53,1087
585,643,19678584.21,3840574.305,1093
586,5308,19677774.77,3841743.503,1089
587,2222,19679893.31,3839774.853,1092
588,2684,19678794.07,3841583.612,1090
589,1204,19682504.89,3841712.273,928
590,902,19682962.69,3840696.649,927
591,718,19685299.48,3840394.504,922
592,101,19685548.44,3841064.079,925
593,101,19685879.29,3841035.425,924
594,101,19686098.58,3840861.723,923
595,101,19687232.97,3840279.105,920
596,101,19686507.22,3840074.47,919
597,78,19689542.54,3839701.235,904
598,95,19689867.2,3840791.339,903
599,95,19689488.03,3840405.734,902
600,95,19688365.24,3839799.634,900
601,95,19688134.56,3840090.264,899
602,95,19688018.27,3840388.794,898
603,95,19689630.87,3841166.148,892
604,95,19689859.04,3841340.473,891
605,95,19689285.81,3841448.878,889
606,95,19688831.04,3841290.616,888
607,95,19688875.6,3841610.827,887
608,95,19689471.12,3841662.528,886
609,95,19687901.77,3841353.29,882
610,127,19692053.66,3840204.66,1185
611,78,19692174.09,3839893.552,915
612,78,19691683.81,3840049.971,914
613,78,19691995.08,3840441.457,913
614,78,19691920.2,3840679.421,912
615,78,19691122.02,3840159.167,911
616,78,19690840.65,3840541.436,909
617,78,19691249.03,3839850.805,908
618,78,19690883,3839825.526,907
619,151,19692181.16,3841669.986,897
620,78,19691474.02,3841483.724,896
621,78,19690989.27,3841386.818,895
622,78,19690598.07,3841158.949,894
623,95,19690199.9,3841163.163,893
624,95,19690012.21,3841583.615,890
625,78,19692246.26,3840786.509,917
626,78,19692740.02,3840514.048,916
627,124,19693029.74,3841367.297,698
628,124,19693732.34,3840841.611,682
629,124,19694241.31,3840996.747,681
630,68,19694258.81,3839626.705,675
631,68,19694200.56,3839991.205,674
632,68,19693972.51,3839624.072,673
633,68,19693605.57,3839521.597,672
634,68,19692753.32,3839882.682,671
635,68,19692994.22,3839625.07,670
636,167,19695016.7,3841675.932,696
637,91,19695596.82,3841656.005,695
638,91,19696062.74,3841585.339,694
639,91,19696490.28,3841357.758,693
640,68,19696584.25,3840805.387,688
641,68,19696352.41,3840688.322,687
642,68,19696315.63,3841097.157,685
643,91,19695633.02,3841238.56,684
644,68,19694640.45,3840758.633,683
645,68,19695008.14,3840329.801,679
646,68,19696378.54,3839987.361,678
647,68,19695607.56,3839779.848,677
648,68,19695162.34,3839611.974,676
649,146,19698788.31,3841664.447,1254
650,193,19698020.01,3841729.088,690
651,68,19697072.43,3840960.878,689
652,87,19697432.44,3839876.743,179
653,238,19698954.56,3840136.133,178
654,87,19698084.72,3840238.894,169
655,115,19698529.46,3840535.29,168
656,115,19698960.83,3840841.06,166
657,115,19698513.2,3841245.503,164
658,116,19700212.12,3840034.439,177
659,86,19700920.31,3839997.647,176
660,116,19700644.5,3840381.719,171
661,116,19699863.31,3840896.538,165
662,238,19700135.19,3841751.759,162
663,183,19700825.32,3841585.165,142
664,206,19702274.32,3841431.898,1255
665,146,19701590.97,3840786.577,963
666,70,19703144.35,3839585.608,191
667,32,19702744.73,3839952.243,190
668,123,19703154.62,3840143.388,189
669,123,19703414.38,3840298.454,188
670,44,19702165.78,3839989.391,187
671,116,19701724.07,3839873.181,186
672,116,19701421.77,3840177.975,175
673,164,19702594.74,3840867.478,173
674,116,19701810.29,3840461.918,172
675,116,19701559.99,3841187.36,141
676,183,19701261.44,3841212.481,140
677,151,19703464.25,3841349.708,32
678,164,19702971.45,3841535.985,24
679,70,19704209.1,3839562.022,45
680,70,19704062.26,3839829.666,43
681,251,19705074.84,3840004.965,42
682,70,19704302.08,3840018.647,41
683,70,19703848,3840016.022,40
684,251,19705291,3840604.201,39
685,251,19705778.14,3840637.845,38
686,70,19704089.59,3840837.326,35
687,70,19703861.45,3840668.309,34
688,151,19703632.23,3840786.582,33
689,151,19704663.92,3841394.248,31
690,251,19705592.16,3841391.304,30
691,151,19704913.33,3841421.052,29
692,251,19705226.35,3841624.667,28
693,151,19703654.32,3841717.25,25
694,335,19705855.78,3843486.092,11
695,255,19704011.01,3842633.498,1248
696,424,19705325.26,3843168.585,1246
697,342,19704133.05,3843412.66,1245
698,251,19705037.52,3842033.093,27
699,151,19704378,3841891.755,26
700,276,19704386.98,3842629.943,20
701,276,19704181.89,3842951.036,18
702,264,19703715.94,3843531.899,14
703,276,19704443.2,3843304.341,13
704,375,19704647.57,3843730.344,10
705,375,19704220.11,3843815.768,9
706,230,19701795.56,3842483.298,1252
707,328,19702687.37,3843018.385,1247
708,372,19701785.46,3843622.649,149
709,372,19702188.91,3843719.075,148
710,372,19701698.06,3843016.691,147
711,183,19702236.27,3842390.88,144
712,151,19703136.32,3841987.997,23
713,202,19702912.31,3842328.642,22
714,151,19703464.91,3842506.729,21
715,202,19703500.25,3842901.891,17
716,276,19703409.89,3843127.61,16
717,264,19702941.52,3843066.525,15
718,264,19703261.56,3843979.457,7
719,4162,19701047.64,3842997.398,1262
720,300,19700256.01,3841891.886,1253
721,476,19700180.91,3843675.51,1251
722,438,19699229.53,3843782.333,1228
723,463,19701204.19,3843317.714,971
724,351,19699103.75,3843955.085,716
725,351,19699156.44,3843417.817,713
726,238,19699586.51,3841962.404,163
727,115,19699115.64,3842366.969,161
728,381,19699450.65,3842407.248,160
729,115,19699108.43,3842803.558,159
730,381,19699502.5,3842762.212,158
731,238,19700309.19,3842680.8,157
732,381,19699779.64,3842901.336,156
733,372,19700765.17,3843277.933,155
734,238,19700520.93,3842943.963,154
735,381,19700388.69,3843577.603,152
736,238,19700630.41,3842111.633,145
737,372,19701030.13,3841882.13,143
738,112,19697133.53,3842349.931,1231
739,490,19696963.59,3843984.65,1226
740,387,19697140.82,3843999.492,720
741,351,19698309.54,3843677.405,715
742,351,19698627.77,3843742.235,714
743,351,19698703.4,3843361.794,712
744,258,19698387.2,3842920.011,711
745,91,19697247.64,3842721.323,710
746,167,19696921.18,3842705.371,709
747,167,19696744.15,3842917.948,708
748,91,19697210.5,3841904.578,692
749,193,19697678.49,3842271.142,691
750,208,19695304.59,3842107.151,1230
751,201,19694501.13,3843375.841,757
752,510,19695449.05,3843959.784,723
753,387,19696004.87,3843989.601,722
754,387,19696640.64,3843973.518,721
755,167,19696180.71,3842776.191,707
756,167,19695850.56,3842264.881,702
757,167,19695427.6,3842424.216,701
758,167,19694460.02,3842040.29,700
759,6248,19693311.11,3843969.286,1260
760,126,19693303.96,3844013.763,1218
761,252,19693823.26,3842858.033,972
762,143,19692393.56,3843302.035,874
763,97,19694081.16,3843858.981,761
764,97,19693054.74,3843620.97,759
765,97,19693656.55,3843506.195,758
766,97,19693906.01,3843162.226,756
767,97,19692901.14,3842985.006,754
768,387,19694446.58,3842656.424,705
769,201,19694328.58,3842956.806,704
770,151,19692585.35,3842296.48,703
771,151,19693482.8,3841921.376,699
772,167,19694447.13,3841850.852,697
773,73,19690941.48,3842073.283,884
774,107,19691625.15,3843335.667,875
775,297,19690383.81,3843848.221,866
776,297,19690973.13,3843658.491,865
777,97,19692001.21,3842728.776,753
778,73,19691304.14,3842211.616,752
779,153,19689009.28,3841924.691,1186
780,95,19689725.79,3841891.538,885
781,95,19689514.37,3842130.643,883
782,95,19688013.44,3842492.111,881
783,95,19687678.24,3842585.243,877
784,171,19688305.23,3843601.087,871
785,1038,19685516,3843439.593,932
786,136,19686582.97,3843496.115,931
787,136,19686001.67,3842425.894,929
788,95,19687200.33,3842087.108,880
789,95,19686728.3,3842536.025,879
790,95,19687445.13,3842505.717,878
791,166,19683276.19,3843426.812,1148
792,134,19683761.43,3843739.029,937
793,134,19684448.44,3843374.447,935
794,1576,19681281.26,3842674.932,1151
795,813,19681319.48,3843894.66,1147
796,650,19682249.22,3843660.341,938
797,487,19680487.71,3843993.633,939
798,2109,19674347.12,3842263.146,1086
799,403,19675655.16,3842468.703,1085
800,1434,19676285.79,3843102.57,1083
801,861,19676036.22,3842939.714,390
802,322,19675995.44,3842501.917,389
803,861,19675851.64,3843151.325,388
804,861,19676316.89,3843513.397,387
805,1146,19676209.29,3844020.671,386
806,1373,19676815.43,3844421.665,1082
807,1079,19678230.06,3846236.104,1012
808,1071,19676366.89,3846156.252,997
809,933,19678061.31,3844203.655,275
810,856,19676557.53,3845610.487,259
811,4687,19680027.29,3846229.964,1014
812,1884,19682166.3,3844314.184,1146
813,1152,19682700.9,3845270.983,948
814,650,19681915.01,3844317.933,940
815,1730,19684815.52,3845471.759,1144
816,1152,19683502.66,3846184.752,949
817,1152,19683518.64,3845061.357,942
818,1508,19683765.48,3844477.528,941
819,134,19684612.74,3844158.35,934
820,226,19686749.99,3844780.322,1143
821,454,19686703.38,3846202.042,1142
822,665,19685573.72,3846053.102,947
823,360,19686481.3,3845669.418,946
824,182,19687410.87,3845201.413,945
825,360,19685798.55,3845288.437,944
826,182,19686195.15,3844181.799,933
827,227,19687423.3,3844417.579,873
828,285,19688791.25,3844113.089,1184
829,806,19688152.16,3845865.422,1179
830,360,19689190.83,3846225.66,950
831,171,19688076.37,3844127.026,870
832,227,19688106.33,3844693.049,869
833,622,19688353.84,3845343.343,868
834,662,19689838.95,3844055.859,867
835,827,19690026.77,3844436.099,1183
836,371,19691326.88,3844791.411,1182
837,569,19690075.22,3845219.4,1181
838,225,19690260.95,3845550.486,1178
839,340,19691892.15,3846272.871,1176
840,180,19691896.13,3844230.333,975
841,143,19692095.93,3844264.591,864
842,143,19691752.65,3844071.745,863
843,143,19691739.32,3844436.062,862
844,179,19691935.84,3845257.79,861
845,179,19691998.22,3845505.234,860
846,179,19691294.83,3845541.223,859
847,392,19691078.61,3846044.274,858
848,392,19690293.1,3846212.017,857
849,231,19692631.06,3844215.891,1216
850,139,19693257.34,3845403.212,768
851,185,19692849.65,3844787.436,767
852,185,19692725.12,3844493.112,765
853,185,19693387.59,3844587.384,764
854,97,19694263.86,3844410.699,763
855,97,19693153.93,3844139.966,760
856,296,19694384.97,3846225.99,727
857,272,19693958.39,3846196.529,726
858,272,19692624.23,3846172.164,79
859,272,19693288.38,3846228.604,77
860,387,19696615.6,3845328.034,1225
861,636,19695021.87,3844521.748,1217
862,97,19694590,3844188.57,762
863,309,19695654.53,3845893.726,733
864,309,19696298.19,3845586.797,732
865,309,19696451.42,3845126.013,731
866,510,19695062.48,3845467.172,730
867,510,19694872.74,3845934.005,729
868,510,19694508.21,3845188.923,724
869,309,19696026.35,3846093.456,92
870,5581,19697685.8,3844647.037,1263
871,402,19698922.01,3845926.891,1223
872,351,19698296.21,3844430.672,719
873,387,19697466.56,3844039.13,718
874,351,19698752.15,3844213.622,717
875,322,19698871.24,3846098.746,115
876,476,19698475.16,3845025.813,112
877,322,19698032.11,3845432.299,111
878,387,19697180.88,3844859.291,110
879,387,19697247.28,3845292.392,108
880,322,19697408.66,3845629.21,107
881,309,19697232.08,3845882.694,106
882,322,19697728.37,3846122.658,105
883,309,19696854.32,3846028.011,104
884,600,19700483.9,3844850.566,1222
885,548,19699868.86,3845901.838,1221
886,381,19700764.15,3844212.026,151
887,476,19700748.05,3845602.734,132
888,476,19699580.19,3845530.646,131
889,476,19700289.45,3845373.943,130
890,476,19701027.7,3845236.384,128
891,476,19701033.73,3844782.573,124
892,1621,19702537.17,3844417.123,1250
893,480,19702875.12,3846285.235,1240
894,380,19702830.42,3845612.631,821
895,380,19703066.81,3845967.975,820
896,380,19702115.34,3846084.259,818
897,380,19701903.34,3845849.306,817
898,380,19701464.33,3846068.034,816
899,372,19701825.05,3844271.945,150
900,476,19701539.02,3845425.963,127
901,476,19701916.49,3844628.086,125
902,380,19703253.56,3845377.408,5
903,466,19704255.08,3844173.048,1244
904,637,19703693.88,3845177.928,824
905,637,19703811.15,3845412.158,823
906,637,19703888.65,3845766.108,822
907,809,19704886.94,3845882.947,802
908,375,19703843.29,3844038.791,8
909,264,19703557.95,3844084.661,4
910,637,19705164.84,3844206.694,3
911,375,19704589.78,3844396.869,2
912,375,19703901.36,3844588.793,1
913,809,19705719.45,3845231.614,0
914,473,19706332.38,3848237.834,1234
915,606,19705927.03,3846462.457,800
916,606,19706298.42,3846765.892,799
917,426,19705805.97,3847411.976,797
918,4320,19703857.67,3847141.246,1261
919,1011,19705297.1,3846322.785,1239
920,712,19704480.38,3846829.71,1238
921,572,19703556.14,3847650.7,1236
922,1032,19703804.48,3848378.647,1233
923,568,19705146.75,3846820.456,804
924,568,19705235.55,3846602.771,803
925,463,19705210.83,3847610.343,796
926,463,19705453.74,3848450.895,795
927,352,19701457.61,3846698.285,1243
928,942,19703370.96,3846820.322,1237
929,380,19702533.32,3846314.281,819
930,380,19702125.52,3846688.426,815
931,280,19701917.38,3847267.937,813
932,380,19702821.78,3846790.226,812
933,753,19703357.83,3847060.899,811
934,458,19702879.02,3847755.819,810
935,280,19701493.2,3847401.481,809
936,343,19702013.1,3847916.327,806
937,826,19703218.67,3848047.483,805
938,343,19701540.49,3848247.68,779
939,380,19701423.76,3846381.332,6
940,298,19699399.48,3847966.244,1220
941,280,19701015.96,3846755.477,814
942,210,19701124.82,3847480.027,807
943,437,19699488.53,3847028.18,139
944,240,19699885.02,3847025.793,138
945,240,19700392.12,3847017.965,137
946,240,19700396.02,3846803.976,136
947,437,19699219.36,3846602.726,135
948,437,19699838.82,3846482.673,134
949,437,19700638.68,3846572.196,133
950,240,19700490.66,3847787.528,121
951,437,19699064.2,3847577.596,120
952,240,19700285.19,3848159.002,119
953,347,19697878.06,3846509.563,1224
954,231,19697934.71,3847990.522,1219
955,437,19698824.64,3847312.512,123
956,240,19698718.68,3848196.506,116
957,184,19698195.64,3847834.711,114
958,277,19698331.81,3846798.91,113
959,277,19697235.54,3846611.41,103
960,184,19697143.37,3848104.849,101
961,184,19697038.22,3847780.485,100
962,184,19696751.01,3847357.845,97
963,277,19696826.92,3846563.974,94
964,184,19697129.43,3848440.846,55
965,296,19694759.43,3846303.273,728
966,138,19696519.01,3847881.752,99
967,277,19696447.61,3846968.367,96
968,309,19696443.99,3846779.57,95
969,296,19695394.23,3846544.233,93
970,296,19695477.29,3848180.666,75
971,178,19694775.91,3848517.217,73
972,373,19694290.51,3847125.163,1174
973,263,19692336.46,3848467.362,847
974,178,19693935.67,3848482.467,89
975,197,19693193.49,3848346.843,88
976,392,19692250.17,3846865.165,83
977,272,19693055.02,3846961.192,82
978,272,19692287.12,3846571.726,81
979,272,19692827.62,3846651.34,80
980,296,19693484.54,3846601.569,78
981,296,19694452.77,3847947.544,76
982,492,19691504.54,3846995.959,1175
983,328,19691819.47,3847851.937,1173
984,392,19691449.1,3846302.427,856
985,392,19690314.46,3847027.467,855
986,364,19690171.08,3847429.837,850
987,263,19691855.07,3848085.268,87
988,263,19692036.97,3847579.847,85
989,263,19691846.52,3847141.603,84
990,456,19688952.75,3848078.045,1177
991,441,19687824.06,3847333.018,955
992,360,19687794.6,3846764.443,952
993,360,19687876.81,3846478.266,951
994,364,19689254.3,3847007.103,854
995,364,19688823.57,3848372.741,851
996,830,19686367.44,3846784.178,1141
997,441,19686651.06,3848299.248,960
998,441,19686913.96,3848222.982,959
999,441,19685910.33,3847664.428,958
1000,441,19685755.05,3847418.978,957
1001,665,19686102.49,3846759.17,956
1002,360,19686530.82,3846668.577,954
1003,360,19687289.03,3846806.782,953
1004,364,19687570.62,3847694.224,852
1005,1551,19684597.26,3848369.834,1010
1006,1281,19683368.02,3846638.944,273
1007,30967,19680892.22,3847950.872,1273
1008,1281,19682548.35,3846624.15,1011
1009,800,19676935.45,3846635.762,996
1010,864,19678021.3,3846561.599,274
1011,640,19676537.94,3846371.081,258
1012,640,19676657.94,3846561.573,257
1013,1544,19677552.97,3848176.565,252
1014,398,19676079.19,3848327.746,995
1015,480,19674986.78,3846644.924,255
1016,319,19675760.33,3847526.552,254
1017,319,19676217.88,3848220.714,251
1018,319,19675503.42,3848469.523,249
1019,319,19674253.91,3847933.404,248
1020,1189,19667030.15,3850136.182,979
1021,1476,19666427.34,3850314.286,978
1022,480,19665057.08,3849884.814,229
1023,1351,19672950.19,3850794.357,244
1024,319,19676225.36,3848845.322,250
1025,2814,19677005.06,3849251.159,1256
1026,3101,19677332.76,3848608.601,994
1027,3195,19677887.62,3850738.994,992
1028,14551,19680207.42,3848582.995,1272
1029,31410,19680409.35,3849364.368,1271
1030,7350,19679672.81,3848823.128,1003
1031,1986,19680027.29,3850154.504,1001
1032,1295,19680063.74,3850533.646,1000
1033,1747,19680577.42,3850258.465,999
1034,1560,19680534.1,3850475.051,998
1035,14884,19682349.62,3848951.733,1275
1036,2113,19682344.76,3850059.206,1004
1037,883,19681709.54,3849500.717,962
1038,1691,19682040.25,3850814.387,262
1039,550,19686456.85,3850108.599,1047
1040,472,19685736.5,3849075.905,1008
1041,442,19687451.76,3849877.18,369
1042,442,19686889.2,3849704.899,368
1043,442,19686095.54,3850183.798,366
1044,442,19685611.87,3849939.133,365
1045,380,19685467.67,3849573.712,272
1046,380,19685734.28,3849234.567,270
1047,380,19685409.32,3849055.736,269
1048,380,19686060.85,3849555.003,268
1049,380,19686118.01,3849216.387,267
1050,380,19686506.55,3848915.552,266
1051,442,19686693.57,3850598.366,265
1052,317,19689661.3,3850143.118,838
1053,390,19689452.53,3850771.455,374
1054,390,19688944.66,3850347.214,371
1055,390,19689216.12,3850229.223,370
1056,380,19691262.28,3848756.367,1172
1057,394,19690826.22,3849289.335,1171
1058,304,19690851.77,3848565.673,848
1059,304,19692179.48,3848837.079,846
1060,227,19692100.39,3849180.464,845
1061,317,19691486.46,3849360.056,844
1062,317,19691691.76,3849532.801,843
1063,317,19690357.55,3849165.806,841
1064,317,19690609.45,3849521.479,840
1065,317,19690195.63,3849630.323,839
1066,317,19690109.44,3850036.644,837
1067,167,19691839.91,3850705.855,835
1068,210,19692215.16,3850040.335,1170
1069,224,19694274.36,3849814.227,1169
1070,220,19693850.77,3850643.883,831
1071,220,19694456.28,3850675.131,830
1072,178,19693726.47,3849821.323,828
1073,125,19693332.36,3849207.681,826
1074,133,19694202.16,3849283.337,825
1075,133,19694080.54,3849169.226,91
1076,178,19694025.98,3848869.467,90
1077,275,19695073.81,3850791.335,1168
1078,220,19694626.87,3850338.067,829
1079,133,19695540.06,3848868.325,74
1080,178,19694875.19,3848801.264,72
1081,178,19694601.98,3848634.4,71
1082,178,19694607.89,3848888.515,70
1083,178,19694722.07,3849562.38,69
1084,220,19695256.91,3849726.172,68
1085,220,19695032.61,3849943.245,67
1086,220,19695665.13,3850705.764,65
1087,130,19696643.85,3849864.244,57
1088,163,19697157.23,3850193.765,1167
1089,175,19698715.75,3849224.733,1166
1090,130,19697001.25,3850766.329,62
1091,130,19696862.41,3850566.461,61
1092,130,19697420.72,3850573.307,60
1093,130,19696962.21,3850192.794,59
1094,130,19696880.57,3849996.875,58
1095,130,19696769.41,3849534.64,56
1096,130,19697011.4,3849075.654,54
1097,142,19697886.11,3848713.221,53
1098,142,19697756.8,3848820.572,52
1099,142,19698948.21,3848792.174,50
1100,142,19698539.34,3849445.457,49
1101,142,19698741.87,3849744.865,48
1102,266,19699880.51,3849617.796,1242
1103,212,19700929.44,3848818.522,776
1104,212,19700978.15,3849837.238,773
1105,212,19700756.44,3849611.193,772
1106,212,19700179.6,3849169.044,771
1107,212,19699512.88,3849276.646,770
1108,240,19699807.98,3848605.981,118
1109,240,19699233.03,3848566.272,117
1110,142,19699142.34,3849941.661,47
1111,524,19701673.52,3848894.959,1232
1112,417,19702311.63,3848664.933,784
1113,826,19702952.61,3849127.054,778
1114,417,19701686.41,3849330.584,775
1115,417,19701594.67,3849649.927,774
1116,592,19705456.68,3850346.474,1241
1117,463,19705029.56,3848584.439,794
1118,463,19705302.01,3849101.353,793
1119,471,19705579.05,3849685.636,787
1120,471,19705368.06,3849920.113,786
1121,826,19703858.05,3848953.733,781
1122,283,19706147.56,3849399.221,792
1123,283,19706221.49,3848666.76,791
1124,283,19706796.37,3849080.036,790
1125,353,19707025.21,3850168.666,788
1126,353,19707001.44,3850425.652,785
1127,353,19706748.57,3850954.179,782
1128,130,19696796.34,3851101.024,64
1129,179,19694764.37,3852246.198,1040
1130,139,19696008.92,3851391.055,356
1131,139,19695193.7,3851201.324,355
1132,139,19695120.89,3851363.081,354
1133,105,19695929.81,3851799.295,353
1134,139,19695188.03,3851645.693,352
1135,139,19695046.21,3852025.064,351
1136,138,19696166.28,3852647.253,349
1137,139,19694719.57,3851624.458,348
1138,139,19694614.47,3851839.579,347
1139,250,19695197.34,3853013.975,345
1140,148,19692220.29,3851951.045,1043
1141,167,19692793.76,3851004.297,834
1142,120,19693417.27,3851476.496,833
1143,220,19693317.39,3851078.45,832
1144,139,19694332.7,3852098.095,346
1145,248,19694154.29,3852819.629,344
1146,139,19693724.7,3852489.745,337
1147,120,19692952.64,3851702.568,336
1148,318,19690751.99,3851447.924,1058
1149,411,19690669.85,3852289.882,1045
1150,360,19691234.58,3853029.163,1044
1151,254,19691231.62,3850990.781,836
1152,254,19691820.8,3851435.375,376
1153,390,19690288.9,3851096.076,375
1154,287,19691403.08,3852863.117,325
1155,287,19690552.04,3853026.72,324
1156,5463,19687735.72,3852281.561,1258
1157,472,19688452.01,3851643.012,1060
1158,490,19689047.54,3851088.551,1059
1159,680,19688564.95,3852947.02,1056
1160,1681,19688739.51,3852402.828,1054
1161,543,19689021.03,3852876.506,380
1162,543,19689547.36,3852868.381,379
1163,377,19688148.37,3851315.169,372
1164,858,19687486.22,3852900.592,1055
1165,1617,19687271.21,3851920.242,1053
1166,488,19685900.46,3852276.085,1051
1167,1311,19686113.36,3851142.136,1007
1168,1293,19687587.11,3851865.714,373
1169,390,19686246.28,3852103.113,363
1170,390,19686130.36,3852193.395,362
1171,749,19685588.06,3852029.114,361
1172,1048,19686315.49,3851292.851,264
1173,937,19685330.6,3852372.024,1050
1174,545,19683472.13,3852536.309,1023
1175,1770,19683817.55,3850877.901,1006
1176,1048,19685331.92,3851024.659,364
1177,436,19683194.25,3852596.392,288
1178,436,19683768.97,3852947.417,287
1179,662,19682329.88,3852177.749,1022
1180,469,19682032.94,3852322.198,1021
1181,514,19681459.65,3851591.673,1020
1182,530,19682521.75,3852216.375,289
1183,375,19681752.64,3852352.281,282
1184,410,19681257.44,3851762.128,280
1185,410,19680990.96,3851365.678,279
1186,596,19680487.17,3851353.122,278
1187,596,19680151.81,3851352.198,277
1188,752,19679184.19,3851440.238,247
1189,941,19678424.12,3851555.638,991
1190,1582,19677880.77,3851526.76,990
1191,642,19675551.73,3852602.232,987
1192,1351,19674225.39,3851445.606,243
1193,761,19669918.41,3851330.351,234
1194,761,19669523.58,3852081.593,233
1195,327,19666317.74,3851328.106,976
1196,480,19665002.05,3851173.01,261
1197,1456,19671660.85,3853335.197,982
1198,970,19673078.83,3853554.401,983
1199,777,19672316.45,3854063.398,236
1200,513,19675827.81,3853759.295,240
1201,513,19675976.33,3854630.883,239
1202,313,19674278.91,3854066.422,238
1203,1042,19678380.83,3854876.478,989
1204,712,19680627.96,3855031.381,1018
1205,834,19678775.11,3854078.797,242
1206,326,19682804.47,3853203.256,285
1207,570,19681244.18,3855085.8,283
1208,3925,19684141.8,3853497.877,1257
1209,812,19684515.54,3853728.924,1025
1210,1346,19684240.43,3853295.528,1024
1211,478,19684129.75,3854729.139,291
1212,436,19683472.13,3853160.416,286
1213,3447,19685535.96,3853450.142,1049
1214,304,19686901.57,3855113.523,1028
1215,290,19686336.84,3854096.737,1027
1216,242,19687291.95,3855269.987,309
1217,242,19686537.78,3855273.496,302
1218,227,19686533.85,3855039.724,301
1219,227,19686263.84,3854943.243,300
1220,227,19686720.13,3854785.733,299
1221,227,19685731.91,3854517.34,298
1222,227,19686167.18,3854402.855,297
1223,227,19685757.85,3854018.776,295
1224,227,19685697.87,3854712.386,294
1225,634,19688595.76,3853809.514,1057
1226,505,19689887.19,3853814.73,383
1227,505,19688477.88,3853517.254,382
1228,505,19688910.87,3853369.254,381
1229,629,19689176.45,3854634.928,313
1230,629,19688975.92,3854852.576,312
1231,287,19690432.62,3853207.496,385
1232,216,19690296.39,3854020.895,384
1233,280,19691761.16,3854077.583,331
1234,280,19691923.38,3853821.93,330
1235,287,19690913.24,3853407.476,323
1236,287,19690566,3853583.636,322
1237,373,19691414.34,3854778.659,318
1238,373,19691894.94,3854987.463,317
1239,301,19692072.64,3855311.068,316
1240,466,19692353.77,3854600.134,1046
1241,309,19693976.08,3853501.481,1042
1242,336,19694358.44,3855291.031,357
1243,447,19694337.99,3854111.003,339
1244,280,19692909.8,3853712.152,334
1245,280,19692811.33,3854728.301,333
1246,280,19692892.37,3854511.518,332
1247,314,19694975.89,3853512.704,1041
1248,544,19695998.83,3855113.523,1038
1249,435,19696568.87,3855043.409,360
1250,580,19695476.31,3855001.309,359
1251,250,19696124.15,3853611.698,343
1252,435,19696134.45,3854290.669,342
1253,447,19694869.3,3853932.292,340
1254,640,19696840.79,3857054.134,1036
1255,512,19696924.32,3856746.93,328
1256,726,19694643.48,3856263.515,1035
1257,580,19694971.41,3855500.151,358
1258,512,19696582.53,3857179.204,329
1259,468,19695592.03,3856877.297,326
1260,560,19693832.33,3855863.071,1034
1261,446,19693010.91,3855565.306,1033
1262,377,19692025.2,3855596.109,1032
1263,750,19690238.6,3855678.251,1031
1264,301,19691642.69,3855503.755,315
1265,787,19689037.27,3855390.753,1030
1266,629,19689158.31,3855421.124,314
1267,629,19689637.42,3855598.76,311
1268,758,19687436.47,3856024.078,1029
1269,242,19687145.7,3855760.242,310
1270,607,19687645.34,3856239.51,307
1271,242,19687486.38,3855839.366,306
1272,242,19687485.48,3855650.281,305
1273,242,19687072.62,3855566.171,303
1274,359,19685468.93,3855755.627,293
1275,650,19683496.01,3855427.562,290
